0001010001110
0001110101110
0010011001110
0000011010100101
0000000010100010

0000010000000100












0010000000100
0000000000101
0010000100100
0000000100101
0010001100100
0000000101100
0000000100001
0000111101111

00100000 00100
00000002 00101
00100001 00100
00000003 00101
00100011 00100
00000001 01100
00000010 00001
00001111 01111

00100010 00100
00000000 01100
00111001 00001
00000001 01100
01000001 00001
00000010 01100
01001000 00001
00000011 01100
01001111 00001
00000100 01100
01010110 00001
00000101 01100
01011011 00001
00000110 01100
01100010 00001
00000111 01100
00000111 00001


00000000 00100
00000010 01011
00110100 00101
00000001 00100
00000011 01011
00001111 01111


00000000 00100
00000010 01010
00110100 00101
00000001 00100
00000011 01010
00001111 01111

00000000 00100
00000010 01001
00110100 00101
00000001 00100
00000011 01001
00001111 01111

00000000 00100
00000010 01000
00110100 00101
00000001 00100
00000011 01000
00001111 01111

00000000 00111
00110100 00101
00000001 00111
00001111 01111

00000000 00100
00000010 00110
00110100 00101
00000001 00100
00000011 00110
00001111 01111

00000000 10010
00000100 00101
00000000 10010
00000101 00101
00000101 00100
00000000 01011
00000101 00101
00000100 00100
00000001 10000
00000010 01100M
00000004 00101
01110001 00001
01101010 00010


00000000 10010
00000100 00101
00000000 01101
00000110 00101
00000101 00100
00000011 01011
00000110 00101
00000100 00100
00000001 10000
00000001 01100M
00000100 00101
00000100 00001
01110111 00010


00000000 10010
00000100 00101
00000001 00100
00000011 01010
00000001 00101
00000000 01100
00000100 00100
00000001 10000
00000100 00101
10001100 00011
10000010 00010

00000000 10010
00000100 00101
00000000 00100
00000010 01010
00000000 00101
00000000 01100
00000100 00100
00000001 10000
00000100 00101
00000100 00011
10001110 00010

