0000010000000100
0000000000000101
0000010000100100
0000000000100101
0000010001100100
0000000000101100
0000000000100001


0000010000000100
0000000001000101
0000010000100100
0000000001100101
0000010001100100
0000000000101100
0000000101000001
0000010001100100
0000000000101100
0000000101000001
0000010001000100
0000000000001100
0000010001000001
0000000000101100
0000010100100001
0000000001001100
0000011000000001
0000000001101100
0000011011100001
0000000010001100
0000011111000001
0000000010101100
0000100001100001

0000000000000100
0000000001001011
0000011010000101
0000000000100100
0000000001101011
0000011010100101
0000000000000010
0000000000000100
0000000001001010
0000011010000101
0000000000100100
0000000001101010
0000011010100101
0000000000000010
0000000000000100
0000000001001001
0000011010000101
0000000000100100
0000000001101001
0000011010100101
0000000000000010
0000000000000100
0000000001001000
0000011010000101
0000000000100100
0000000001101000
0000011010100101
0000000000000010
0000000000000111
0000011010000101
0000000000100111
0000011010100101
0000000000000010
0000000000000100
0000000001000110
0000011010000101
0000000000100100
0000000001100110
0000011010100101
0000000000000010
